1111111111111111111111111111111111111111111111111111111111111111111111111111
1000000000000000000000000110000000000000000000000000000000000000000000000001
1000000000000000000000000110000000000000000000000000000000000000000000000001
1000000000000000000000000110000000000000000000000000000000000000000000000001
1000000000000000000001111010000000000000000000000000000000000000000000000001
1000000000000000000001111110000000000000000000000000000000000000000000000001
1000000000000000000000000000000000000000000000000000000000000000000000000001
1000000000000000000000000000000000000000000000000000000000000000000000000001
1000000000000000000000000000000000000000000000000000000000000000000000000001
1000000000000000000000000000000000000000000000000000000000000000000000000001
1000000000000000000000000000000000000000011111100000000000111100000000000001
1000000000000000000000000000000000000000010000100000000000111100000000000001
1000000000000000000000000000000111111111100000100000000000000000000000000001
1000000000000000000000000000000100000000000000100000000000000000000000000001
1000011111100000000000000000000100000000000000100000000000000000000000000001
1000011111100000000000000000000111100000000000100000000000000000000000000001
1000000000000000000000000000000000010000000000011000000000000000000000001111
1000000000000000000000000000000000010000000000001000000000000000000000001000
1000000000000000000000000000000000010000000000001001100000000000000000110000
1000000000000000000000000000000000011111111111101001100000000000000000111111
1000000000000000000000000000000000000000000000011001100000000011111100000001
1000000000000000000000000000000000000000000000011001100000000011111100000001
1000000000000000011111111000000000000000000000000001100111110000000000000001
1000000000000000011111111000000000000000000000000001100111110000000000000001
1000000000000000000000000000000000000000000000000000000000000000000000000001
1000000000000000000000000000000000000000000000000000000000000000000000000001
1000000000000000000000000000000000000000000000000000000000001100000000000001
1000000000000000000000000000000000000000000000000000000000001100000000000001
1000000000000000000000000000000000000000001100110000000000001100000000000001
1000000000000000000000000000000000000000001100110000000000001100000000000001
1100000011111111000000000000000000000000001011010000000000001011000000000001
0100000011111101000000000000000000000000001111110000000000001111000000000001
0100000000000010111100000000000000000011000000000011000000000000000000000001
0100000000000011111100000000000000000011000000000011000000000000000000000001
0011000000000000000000000000000000000011000000000011000000000000110000000001
0001000000000000000000000000000000000011000000000011000000000000110000000001
0000111100000000000000001111111111111101000000000011000000000000101100000001
1111111100000000000000001000000011111111000000000011000000000000110100000001
1000000000000000000000001000000100000000000000000011000000000000001011110001
1000000000000000000000001111111100000000000000000011000000000000001111110001
1000000000110000000000000000000000000000000000111100111100000000000000000001
1000000000110000000000000000000000000000000000111111001100000000000000000001
1000000000110011000000000000000000000000000000000000110000000000000000000011
1000000000110011000000000000000000000000000000000000110000000000000000000010
1000000000110011001100000000000000000000000000000000110000000000000000001100
1000000000110011001100000000000000000000000000000000110000000000000000001111
1000000000000011001100000000000000000000000000000000101111110011001100110001
1000000000000011001100000000000000000000000000000000111111110011001100110001
1000000000000000001100111111000000000000000000000000000000000000000000000001
1000000000000000001100111111000000000000000000000000000000000000000000000001
1000000000000000000000000000000000000000000000000000000000000000000000000001
1000000000000000000000000000000000000000000000000000000000000000000000000001
1000000000000000000000000000001111111111111111000000000000000000000000000001
1000000000000000000000000000001111111111111111000000000000000000000000000001
1111111100000000000000000000110000000000000000110000000000000000000011111111
0000000100000000000000000000110000000000000000110000000000000000000010000000
0000000011111111000000000000000000000000000000000000000000001111111100000000
0000000000000001000000000000000000000000000000000000000000001000000000000000
0000000000000000111111111111111111111111111111111111111111110000000000000000
0000000000000000000000000000000000000000000000000000000000000000000000000000